94
84
65
57
72
28
93
91
97
17
72
21
86
24
73
73
53
92
15
62
92
29
26
26
68
99
69
69
11
68
36
15
89
19
55
64
61
86
33
53
71
22
25
21
83
14
23
18
51
83
83
94
49
14
13
81
28
11
51
93
22
82
16
77
33
75
81
33
13
79
44
68
49
28
36
98
24
68
67
45
22
45
79
59
61
36
49
51
24
37
58
22
78
84
83
37
94
27
11
97
23
44
15
95
97
26
77
44
33
83
98
44
62
77
38
76
21
88
33
15
93
38
86
45
58
38
68
87
11
37
77
99
76
53
88
76
68
17
75
97
75
33
28
22
24
23
65
88
98
35
29
55
24
13
44
94
49
67
24
22
98
31
46
11
78
13
52
69
98
96
66
93
75
46
41
19
77
58
81
93
42
59
44
48
77
92
86
32
71
66
23
11
85
39
77
91
82
99
16
44
34
77
12
95
77
62
24
61
35
88
59
42
69
33
18
32
53
91
13
81
44
65
67
22
56
68
34
29
99
44
16
28
75
99
46
22
44
73
13
95
69
42
73
21
83
95
26
15
77
81
12
44
67
48
19
29
85
59
35
11
84
78
16
47
24
16
14
53
67
66
37
32
26
44
72
14
49
78
79
33
63
55
47
98
67
18
86
62
16
52
71
55
24
16
32
93
56
44
92
77
55
37
73
61
99
88
89
96
81
96
38
29
94
65
18
83
24
84
95
92
31
75
62
95
45
44
32
32
26
29
53
87
36
44
85
85
72
97
34
75
33
84
91
18
97
41
88
34
55
94
64
28
97
73
42
69
91
83
66
99
54
94
64
47
97
53
76
92
23
32
63
77
38
22
37
93
86
33
61
51
22
55
26
42
98
86
37
39
92
69
99
59
65
26
91
89
69
99
55
92
16
38
61
52
25
79
41
12
63
77
31
23
21
88
24
84
55
49
99
51
85
41
11
42
92
15
77
48
66
59
43
95
68
23
56
85
18
47
82
83
42
71
51
27
97
48
95
18
83
91
81
55
32
45
75
22
98
18
21
76
27
78
86
21
14
93
39
24
97
56
17
41
69
92
93
97
28
75
47
24
22
41
11
46
25
32
57
52
23
66
36
39
35
33
78
29
84
57
38
71
15
81
12
44
55
92
88
11
76
11
52
93
11
31
79
31
61
76
45
14
86
35
76
71
94
72
83
18
12
34
86
69
64
85
33
28
81
65
81
66
18
35
74
65
55
44
71
47
28
52
43
52
12
78
12
17
53
77
37
57
28
44
16
35
21
14
12
42
77
22
91
74
93
82
77
26
81
37
12
11
66
69
14
75
79
49
81
12
88
11
35
66
56
15
59
94
16
63
11
99
79
81
19
89
92
27
51
31
98
47
53
62
22
85
33
32
31
69
45
19
84
58
86
58
63
36
76
86
81
46
45
21
15
98
63
76
91
77
38
91
51
86
89
36
87
33
91
52
21
99
92
22
82
84
46
89
93
22
36
49
42
98
48
55
58
49
11
62
95
42
75
41
15
79
58
84
57
33
82
87
87
52
14
37
55
87
48
81
41
79
97
91
49
75
27
66
75
58
33
82
61
24
39
44
78
44
78
65
25
58
34
95
71
81
27
49
83
42
12
83
75
51
77
66
23
33
99
72
38
77
13
25
37
96
92
17
48
55
85
96
62
36
68
42
12
78
65
35
19
33
34
71
83
52
93
23
23
65
45
18
77
79
86
87
15
82
25
34
12
56
94
19
96
78
53
46
51
95
57
39
51
52
22
28
92
75
84
77
21
83
16
29
74
89
85
24
57
18
66
53
43
18
14
62
98
59
22
66
92
11
11
54
54
12
99
93
97
24
84
25
38
97
35
62
83
77
36
39
22
66
38
42
45
85
66
42
46
23
85
97
47
38
81
49
25
44
22
36
65
59
39
28
92
36
18
65
77
36
65
33
22
53
33
12
73
98
69
54
51
29
34
32
13
64
72
15
13
43
28
94
69
11
51
67
52
44
22
16
76
72
48
52
29
57
16
88
75
86
54
14
87
98
87
77
45
92
87
96
33
43
84
49
71
96
49
26
39
79
95
78
77
93
39
72
25
57
19
95
71
35
48
46
88
12
63
15
45
92
96
91
52
58
67
51
44
78
23
32
37
47
72
17
65
64
38
69
92
87
77
93
62
18
79
52
87
89
27
35
16
57
92
24
98
46
61
66
13
64
92
84
58
93
98
23
87
99
26
69
12
44
88
38
36
89
77
74
44
64
78
99
55706
